#define YYFINAL  3
/* YYLAST -- Last index in YYTABLE.  */
#define YYLAST   2185

/* YYNTOKENS -- Number of terminals.  */
#define YYNTOKENS  101
/* YYNNTS -- Number of nonterminals.  */
#define YYNNTS  54
/* YYNRULES -- Number of rules.  */
#define YYNRULES  186
/* YYNRULES -- Number of states.  */
#define YYNSTATES  372

/* YYTRANSLATE(YYLEX) -- Bison symbol number corresponding to YYLEX.  */
#define YYUNDEFTOK  2
#define YYMAXUTOK   336

#define YYTRANSLATE(YYX)						\
  ((unsigned int) (YYX) <= YYMAXUTOK ? yytranslate[YYX] : YYUNDEFTOK)

/* YYTRANSLATE[YYLEX] -- Bison symbol number corresponding to YYLEX.  */
static const yytype_uint8 yytranslate[] =
{
       0,     2,     2,     2,     2,     2,     2,     2,     2,     2,
       2,     2,     2,     2,     2,     2,     2,     2,     2,     2,
       2,     2,     2,     2,     2,     2,     2,     2,     2,     2,
       2,     2,     2,    80,     2,     2,     9,    11,    13,     2,
      99,    98,    12,     8,    66,     7,     2,     2,     2,     2,
       2,     2,     2,     2,     2,     2,     2,     2,     2,    14,
      70,     2,     2,    82,    10,     2,     2,     2,     2,     2,
       2,     2,     2,     2,     2,     2,     2,     2,     2,     2,
       2,     2,     2,     2,     2,     2,     2,     2,     2,     2,
       2,     5,     2,     6,     2,     2,     2,     2,     2,     2,
       2,     2,     2,     2,     2,     2,     2,     2,     2,     2,
       2,     2,     2,     2,     2,     2,     2,     2,     2,     2,
       2,     2,     2,     3,     2,     4,    81,     2,     2,     2,
       2,     2,     2,     2,     2,     2,     2,     2,     2,     2,
       2,     2,     2,     2,     2,     2,     2,     2,     2,     2,
       2,     2,     2,     2,     2,     2,     2,     2,     2,     2,
       2,     2,     2,     2,     2,     2,     2,     2,     2,     2,
       2,     2,     2,     2,     2,     2,     2,     2,     2,     2,
       2,     2,     2,     2,     2,     2,     2,     2,     2,     2,
       2,     2,     2,     2,     2,     2,     2,     2,     2,     2,
       2,     2,     2,     2,     2,     2,     2,     2,     2,     2,
       2,     2,     2,     2,     2,     2,     2,     2,     2,     2,
       2,     2,     2,     2,     2,     2,     2,     2,     2,     2,
       2,     2,     2,     2,     2,     2,     2,     2,     2,     2,
       2,     2,     2,     2,     2,     2,     2,     2,     2,     2,
       2,     2,     2,     2,     2,     2,     1,     2,    15,    16,
      17,    18,    19,    20,    21,    22,    23,    24,    25,    26,
      27,    28,    29,    30,    31,    32,    33,    34,    35,    36,
      37,    38,    39,    40,    41,    42,    43,    44,    45,    46,
      47,    48,    49,    50,    51,    52,    53,    54,    55,    56,
      57,    58,    59,    60,    61,    62,    63,    64,    65,    67,
      68,    69,    71,    72,    73,    74,    75,    76,    77,    78,
      79,    83,    84,    85,    86,    87,    88,    89,    90,    91,
      92,    93,    94,    95,    96,    97,   100
};

#if YYDEBUG
/* YYPRHS[YYN] -- Index of the first RHS symbol of rule number YYN in
   YYRHS.  */
static const yytype_uint16 yyprhs[] =
{
       0,     0,     3,     6,    12,    17,    18,    19,    20,    26,
      27,    28,    31,    34,    36,    38,    40,    43,    45,    47,
      51,    55,    59,    63,    67,    71,    75,    76,    80,    87,
      95,   103,   105,   108,   109,   120,   130,   141,   151,   152,
     153,   155,   157,   159,   161,   162,   164,   166,   168,   170,
     172,   174,   176,   182,   188,   192,   193,   194,   196,   197,
     199,   201,   203,   207,   214,   218,   222,   226,   228,   231,
     235,   237,   244,   248,   251,   254,   257,   260,   265,   267,
     269,   276,   279,   282,   285,   288,   291,   296,   302,   311,
     318,   326,   332,   339,   347,   352,   358,   362,   366,   370,
     374,   378,   382,   386,   390,   394,   398,   402,   406,   410,
     414,   417,   420,   423,   426,   429,   432,   435,   438,   441,
     444,   449,   452,   456,   461,   464,   466,   468,   470,   472,
     478,   481,   483,   486,   490,   493,   495,   497,   499,   501,
     503,   507,   512,   516,   518,   521,   524,   526,   529,   532,
     534,   537,   540,   542,   545,   547,   551,   553,   557,   562,
     567,   569,   571,   574,   578,   581,   583,   584,   585,   587,
     588,   590,   593,   595,   598,   600,   603,   607,   610,   614,
     617,   620,   624,   627,   630,   632,   634
};

/* YYRHS -- A `-1'-separated list of the rules' RHS.  */
static const yytype_int16 yyrhs[] =
{
     102,     0,    -1,   106,   110,    -1,     3,   105,   110,     4,
      14,    -1,     3,   105,   110,     4,    -1,    -1,    -1,    -1,
     108,     3,   109,   110,     4,    -1,    -1,    -1,   110,   124,
      -1,   110,   111,    -1,   114,    -1,   116,    -1,    14,    -1,
     112,    14,    -1,     1,    -1,   135,    -1,   135,    30,   135,
      -1,   135,    31,   135,    -1,   135,    28,   135,    -1,   103,
      28,   135,    -1,   135,    29,   120,    -1,   103,    29,   120,
      -1,   135,    35,   135,    -1,    -1,    32,   107,    14,    -1,
      33,    99,   121,    98,   107,   113,    -1,    30,    99,   105,
     121,    98,   107,   113,    -1,    31,    99,   105,   122,    98,
     107,   113,    -1,    14,    -1,    34,   103,    -1,    -1,   123,
      28,   105,    99,   119,    98,   117,   118,   107,   115,    -1,
     123,    29,    99,   105,   120,    98,   118,   107,   115,    -1,
     123,    35,    56,   105,   150,    99,   121,    98,   107,   115,
      -1,   123,    35,   105,   147,    99,   121,    98,   107,   115,
      -1,    -1,    -1,   135,    -1,   135,    -1,   135,    -1,   120,
      -1,    -1,    23,    -1,   127,    -1,   126,    -1,   133,    -1,
     134,    -1,   125,    -1,   100,    -1,    57,   128,   130,   131,
     132,    -1,    24,   128,   130,   131,   132,    -1,    60,   128,
     132,    -1,    -1,    -1,    15,    -1,    -1,    17,    -1,   103,
      -1,    14,    -1,    26,    15,    14,    -1,    27,   128,    17,
      15,   148,    14,    -1,   135,    64,   135,    -1,   135,    63,
     135,    -1,   135,    62,   135,    -1,   136,    -1,   136,    66,
      -1,   136,    66,   144,    -1,   144,    -1,   144,    97,   138,
      99,   149,    98,    -1,   144,    97,   138,    -1,    42,   148,
      -1,    52,   148,    -1,    50,   148,    -1,    54,   148,    -1,
      40,    99,   149,    98,    -1,    16,    -1,   152,    -1,   153,
       3,   135,    14,     4,    14,    -1,   144,    95,    -1,   144,
      96,    -1,   144,    94,    -1,   144,    93,    -1,   144,    92,
      -1,   144,     5,   135,     6,    -1,   144,    97,     5,   135,
       6,    -1,   144,    97,    91,   135,     6,    14,     4,    14,
      -1,   144,    97,    90,   135,     6,     6,    -1,   144,    91,
     135,     6,    14,     4,    14,    -1,   144,    90,   135,     6,
       6,    -1,   144,     3,   135,    14,     4,    14,    -1,   144,
      97,     3,   135,    14,     4,    14,    -1,   144,    97,    99,
      98,    -1,   144,    97,    99,   135,    98,    -1,   144,    67,
     144,    -1,   144,    85,   144,    -1,   144,    45,   144,    -1,
     144,    46,   144,    -1,   144,    78,   144,    -1,   144,    43,
     144,    -1,   144,    44,   144,    -1,   144,    77,   144,    -1,
     144,    76,   144,    -1,   144,    37,   144,    -1,   144,    75,
     144,    -1,   144,    74,   144,    -1,   144,    73,   144,    -1,
     144,    79,   144,    -1,     7,   144,    -1,    80,   144,    -1,
      81,   144,    -1,    70,   144,    -1,    72,   144,    -1,    71,
     144,    -1,   144,    87,    -1,   144,    86,    -1,    89,   144,
      -1,    88,   144,    -1,    25,   129,   131,   103,    -1,    47,
     144,    -1,    47,   104,   115,    -1,    23,    47,   104,   115,
      -1,    82,   144,    -1,   140,    -1,   141,    -1,   142,    -1,
     143,    -1,   144,    69,   144,    68,   144,    -1,    83,   144,
      -1,   145,    -1,    55,   144,    -1,    99,   135,    98,    -1,
      99,    98,    -1,   152,    -1,   153,    -1,   139,    -1,    17,
      -1,   151,    -1,   151,    99,    98,    -1,   151,    99,   135,
      98,    -1,    48,    15,   148,    -1,    36,    -1,    36,   144,
      -1,    65,   136,    -1,    41,    -1,    41,   103,    -1,    41,
     144,    -1,    58,    -1,    58,   144,    -1,    22,   148,    -1,
      21,    -1,    21,   144,    -1,    38,    -1,    38,    99,    98,
      -1,    20,    -1,    39,    99,    98,    -1,    39,    99,   135,
      98,    -1,    18,    99,   136,    98,    -1,    15,    -1,   137,
      -1,    56,   146,    -1,    99,   135,    98,    -1,    99,    98,
      -1,   152,    -1,    -1,    -1,   136,    -1,    -1,   135,    -1,
     135,    66,    -1,   152,    -1,    13,   154,    -1,    19,    -1,
       9,   154,    -1,    53,   135,    98,    -1,    10,   154,    -1,
      49,   135,    98,    -1,    49,    98,    -1,    11,   154,    -1,
      51,   135,    98,    -1,    51,    98,    -1,    12,   154,    -1,
      15,    -1,   152,    -1,   103,    -1
};

/* YYRLINE[YYN] -- source line where rule number YYN was defined.  */
static const yytype_uint16 yyrline[] =
{
       0,   144,   144,   152,   161,   170,   174,   181,   181,   193,
     198,   199,   206,   216,   220,   222,   230,   240,   242,   244,
     250,   256,   261,   266,   271,   276,   285,   286,   291,   303,
     312,   324,   336,   344,   343,   371,   383,   394,   408,   414,
     417,   421,   426,   430,   437,   446,   450,   452,   454,   456,
     461,   465,   474,   487,   504,   525,   531,   536,   543,   544,
     548,   549,   555,   569,   586,   592,   597,   602,   606,   617,
     627,   631,   641,   648,   654,   659,   664,   669,   680,   681,
     685,   696,   701,   706,   711,   716,   721,   728,   738,   750,
     759,   770,   779,   793,   806,   813,   824,   830,   835,   842,
     847,   852,   857,   862,   867,   872,   884,   889,   894,   899,
     913,   917,   921,   925,   929,   933,   937,   942,   947,   952,
     962,   971,   976,   986,   998,  1004,  1005,  1006,  1007,  1008,
    1015,  1020,  1022,  1026,  1033,  1039,  1041,  1043,  1045,  1047,
    1051,  1058,  1072,  1079,  1085,  1089,  1093,  1099,  1104,  1110,
    1115,  1119,  1123,  1128,  1133,  1138,  1145,  1148,  1158,  1165,
    1170,  1171,  1175,  1183,  1188,  1194,  1199,  1205,  1207,  1212,
    1213,  1215,  1231,  1235,  1243,  1245,  1250,  1266,  1271,  1277,
    1283,  1288,  1294,  1302,  1310,  1312,  1314
};
#endif

#if YYDEBUG || YYERROR_VERBOSE || YYTOKEN_TABLE
/* YYTNAME[SYMBOL-NUM] -- String name of the symbol SYMBOL-NUM.
   First, the terminals, then, starting at YYNTOKENS, nonterminals.  */
static const char *const yytname[] =
{
  "$end", "error", "$undefined", "'{'", "'}'", "'['", "']'", "'-'", "'+'",
  "'$'", "'@'", "'%'", "'*'", "'&'", "';'", "WORD", "METHOD", "THING",
  "PMFUNC", "PRIVATEVAR", "FUNC0SUB", "UNIOPSUB", "COMPSUB", "LABEL",
  "SUB", "ANONSUB", "PACKAGE", "USE", "WHILE", "UNTIL", "IF", "UNLESS",
  "ELSE", "ELSIF", "CONTINUE", "FOR", "LOOPEX", "DOTDOT", "FUNC0", "FUNC1",
  "FUNC", "UNIOP", "LSTOP", "RELOP", "EQOP", "MULOP", "ADDOP", "DO",
  "NOAMP", "ANONARY", "ANONARYL", "ANONHSH", "ANONHSHL", "ANONSCALAR",
  "ANONSCALARL", "LOCAL", "MY", "MYSUB", "REQUIRE", "COLONATTR",
  "SPECIALBLOCK", "PREC_LOW", "DOROP", "OROP", "ANDOP", "NOTOP", "','",
  "ASSIGNOP", "TERNARY_ELSE", "TERNARY_IF", "'<'", "HASHEXPAND",
  "ARRAYEXPAND", "DORDOR", "OROR", "ANDAND", "BITOROP", "BITANDOP",
  "SHIFTOP", "MATCHOP", "'!'", "'~'", "'?'", "SREFGEN", "UMINUS", "POWOP",
  "POSTDEC", "POSTINC", "PREDEC", "PREINC", "ASLICE", "HSLICE", "DEREFAMP",
  "DEREFSTAR", "DEREFHSH", "DEREFARY", "DEREFSCL", "ARROW", "')'", "'('",
  "PEG", "$accept", "prog", "block", "dblock", "remember", "progstart",
  "mblock", "@1", "mremember", "lineseq", "line", "sideff", "else", "cond",
  "cont", "loop", "@2", "mintro", "texpr", "iexpr", "mexpr", "miexpr",
  "label", "decl", "peg", "mysubrout", "subrout", "startsub",
  "startanonsub", "subname", "proto", "subbody", "package", "use", "expr",
  "argexpr", "listop", "method", "subscripted", "termbinop", "termunop",
  "anonymous", "termdo", "term", "myattrterm", "myterm", "mydef",
  "listexpr", "listexprcom", "my_scalar", "amper", "scalar", "star",
  "indirob", 0
};
#endif

# ifdef YYPRINT
/* YYTOKNUM[YYLEX-NUM] -- Internal token number corresponding to
   token YYLEX-NUM.  */
static const yytype_uint16 yytoknum[] =
{
       0,   256,   257,   123,   125,    91,    93,    45,    43,    36,
      64,    37,    42,    38,    59,   258,   259,   260,   261,   262,
     263,   264,   265,   266,   267,   268,   269,   270,   271,   272,
     273,   274,   275,   276,   277,   278,   279,   280,   281,   282,
     283,   284,   285,   286,   287,   288,   289,   290,   291,   292,
     293,   294,   295,   296,   297,   298,   299,   300,   301,   302,
     303,   304,   305,   306,   307,   308,    44,   309,   310,   311,
      60,   312,   313,   314,   315,   316,   317,   318,   319,   320,
      33,   126,    63,   321,   322,   323,   324,   325,   326,   327,
     328,   329,   330,   331,   332,   333,   334,   335,    41,    40,
     336
};
# endif

/* YYR1[YYN] -- Symbol number of symbol that rule YYN derives.  */
static const yytype_uint8 yyr1[] =
{
       0,   101,   102,   103,   104,   105,   106,   108,   107,   109,
     110,   110,   110,   111,   111,   111,   111,   112,   112,   112,
     112,   112,   112,   112,   112,   112,   113,   113,   113,   114,
     114,   115,   115,   117,   116,   116,   116,   116,   118,   119,
     119,   120,   121,   122,   123,   123,   124,   124,   124,   124,
     124,   125,   126,   127,   127,   128,   129,   130,   131,   131,
     132,   132,   133,   134,   135,   135,   135,   135,   136,   136,
     136,   137,   137,   137,   137,   137,   137,   137,   138,   138,
     139,   139,   139,   139,   139,   139,   139,   139,   139,   139,
     139,   139,   139,   139,   139,   139,   140,   140,   140,   140,
     140,   140,   140,   140,   140,   140,   140,   140,   140,   140,
     141,   141,   141,   141,   141,   141,   141,   141,   141,   141,
     142,   143,   143,   143,   144,   144,   144,   144,   144,   144,
     144,   144,   144,   144,   144,   144,   144,   144,   144,   144,
     144,   144,   144,   144,   144,   144,   144,   144,   144,   144,
     144,   144,   144,   144,   144,   144,   144,   144,   144,   144,
     144,   144,   145,   146,   146,   146,   147,   148,   148,   149,
     149,   149,   150,   151,   152,   152,   152,   152,   152,   152,
     152,   152,   152,   153,   154,   154,   154
};

/* YYR2[YYN] -- Number of symbols composing right hand side of rule YYN.  */
static const yytype_uint8 yyr2[] =
{
       0,     2,     2,     5,     4,     0,     0,     0,     5,     0,
       0,     2,     2,     1,     1,     1,     2,     1,     1,     3,
       3,     3,     3,     3,     3,     3,     0,     3,     6,     7,
       7,     1,     2,     0,    10,     9,    10,     9,     0,     0,
       1,     1,     1,     1,     0,     1,     1,     1,     1,     1,
       1,     1,     5,     5,     3,     0,     0,     1,     0,     1,
       1,     1,     3,     6,     3,     3,     3,     1,     2,     3,
       1,     6,     3,     2,     2,     2,     2,     4,     1,     1,
       6,     2,     2,     2,     2,     2,     4,     5,     8,     6,
       7,     5,     6,     7,     4,     5,     3,     3,     3,     3,
       3,     3,     3,     3,     3,     3,     3,     3,     3,     3,
       2,     2,     2,     2,     2,     2,     2,     2,     2,     2,
       4,     2,     3,     4,     2,     1,     1,     1,     1,     5,
       2,     1,     2,     3,     2,     1,     1,     1,     1,     1,
       3,     4,     3,     1,     2,     2,     1,     2,     2,     1,
       2,     2,     1,     2,     1,     3,     1,     3,     4,     4,
       1,     1,     2,     3,     2,     1,     0,     0,     1,     0,
       1,     2,     1,     2,     1,     2,     3,     2,     3,     2,
       2,     3,     2,     2,     1,     1,     1
};

/* YYDEFACT[STATE-NAME] -- Default rule to reduce with in state
   STATE-NUM when YYTABLE doesn't specify something else to do.  Zero
   means the default is an error.  */
static const yytype_uint8 yydefact[] =
{
       6,     0,    10,     1,     0,    17,     5,     0,     0,     0,
       0,     0,     0,    15,   160,   138,     0,   174,   156,   152,
     167,    45,    55,    56,     0,    55,     0,     0,   143,   154,
       0,     0,   146,   167,     0,     0,     0,   167,     0,   167,
       0,   167,     0,     0,    55,   149,    55,     0,     0,     0,
       0,     0,     0,     0,     0,     0,     0,     0,    51,     0,
      12,     0,    13,    14,     0,    11,    50,    47,    46,    48,
      49,    18,    67,   161,   137,   125,   126,   127,   128,    70,
     131,   139,   135,   136,    10,     0,   110,   184,   186,   185,
     175,   177,   180,   183,   173,     0,   153,   168,   151,     0,
       0,    58,     0,     0,     5,     5,   144,     0,     0,   169,
     147,   148,    73,     5,     0,   121,   167,   179,     0,    75,
     182,     0,    74,     0,    76,   132,     0,   162,   165,     0,
     150,     0,   145,   113,   115,   114,   111,   112,   124,   130,
     119,   118,   134,     0,     0,     0,    16,     5,     0,     5,
       0,     0,     0,     0,     0,     0,     0,     0,    68,     0,
       0,     0,     0,     0,     0,     0,     0,     0,     0,     0,
       0,     0,     0,     0,     0,     0,   117,   116,     0,     0,
      85,    84,    83,    81,    82,     0,     0,     0,     0,     0,
       0,    57,    58,    59,     0,    62,     0,     0,     0,   155,
     157,     0,   170,     0,    10,    31,     0,   122,   142,   178,
     181,   176,   164,     0,    58,    61,    60,    54,   133,    22,
      24,    41,     0,     5,     5,   166,    21,    23,    19,    20,
      25,    66,    65,    64,    69,     0,     0,   105,   101,   102,
      98,    99,    96,     0,   108,   107,   106,   104,   103,   100,
     109,    97,     0,     0,     0,     0,    78,     0,     0,     0,
      72,    79,   140,     0,     0,     0,   159,   123,     0,   120,
     167,     0,    42,    43,     0,   158,   171,    77,     0,    32,
     163,     0,    39,     0,     0,     0,     0,    86,     0,     0,
       0,     0,     0,     0,     0,    94,     0,   169,   141,     0,
       3,    53,     0,     7,     7,     4,    52,     0,    40,     0,
       0,   172,     0,     0,   129,    91,     0,     0,    87,     0,
       0,    95,     0,     0,    63,    26,     0,    26,    33,    38,
       0,     0,    92,     0,     0,    89,     0,    71,    80,     7,
       0,    29,     9,    30,    38,     7,     0,     7,    90,    93,
       0,     0,     0,    10,     7,     0,     7,     0,    88,    27,
       0,     0,     0,    35,     0,    37,     7,     8,    34,    36,
      26,    28
};

/* YYDEFGOTO[NTERM-NUM].  */
static const yytype_int16 yydefgoto[] =
{
      -1,     1,    88,   114,    84,     2,   325,   326,   353,     4,
      60,    61,   341,    62,   207,    63,   344,   345,   307,   220,
     271,   274,    64,    65,    66,    67,    68,   100,   101,   192,
     194,   217,    69,    70,    71,    72,    73,   260,    74,    75,
      76,    77,    78,    79,    80,   127,   285,    98,   203,   310,
      81,    82,    83,    90
};

/* YYPACT[STATE-NUM] -- Index in YYTABLE of the portion describing
   STATE-NUM.  */
#define YYPACT_NINF -327
static const yytype_int16 yypact[] =
{
    -327,     5,  -327,  -327,   312,  -327,  -327,  2086,   232,   232,
     232,   232,   232,  -327,  -327,  -327,   -80,  -327,  -327,  2086,
    2086,    -5,  -327,  -327,    62,  -327,     6,    25,  2086,    32,
      33,    35,   688,  2086,   771,    80,  1435,  2086,  1528,  2086,
    2086,  2086,  2086,    87,  -327,  2086,  -327,  2086,  2086,  2086,
    2086,  2086,  2086,  2086,  2086,  2086,  2086,  1621,  -327,    40,
    -327,   121,  -327,  -327,   198,  -327,  -327,  -327,  -327,  -327,
    -327,   657,    76,  -327,  -327,  -327,  -327,  -327,  -327,   873,
    -327,    47,  -327,   148,  -327,    -5,  1328,  -327,  -327,  -327,
    -327,  -327,  -327,  -327,  -327,  2086,  1249,    76,  -327,   155,
     151,   145,   153,   166,  -327,  -327,   873,    90,  1714,  2086,
    -327,  1249,  -327,  -327,    19,  1249,  2086,  -327,   147,  -327,
    -327,   168,  -327,   205,  -327,  1249,  1807,  -327,  -327,   151,
    1249,    73,    76,   995,   995,   995,  1328,  1328,  1328,  1328,
    1344,  1344,  -327,   282,  2086,  2086,  -327,  -327,    93,   141,
    2086,  2086,  2086,  2086,  2086,  2086,  2086,  2086,  2086,  2086,
    2086,  2086,  2086,  2086,  2086,  2086,  2086,  2086,  2086,  2086,
    2086,  2086,  2086,  2086,  2086,  2086,  -327,  -327,  2086,  2086,
    -327,  -327,  -327,  -327,  -327,   138,  1900,  2086,   406,   -28,
      19,  -327,   145,  -327,   201,  -327,   200,  2086,  2086,  -327,
    -327,   324,   209,   118,  -327,  -327,   201,  -327,  -327,  -327,
    -327,  -327,  -327,   340,   145,  -327,  -327,  -327,  -327,   137,
    -327,   137,   119,  -327,  -327,  -327,   137,  -327,   137,   137,
     137,   170,   170,  -327,   873,     3,     9,  1056,   214,  1172,
     835,  1306,   873,   812,  1093,  1093,  1115,  1152,  1229,  1284,
    1328,  1328,    26,    45,  2086,  2086,  -327,  2086,  2086,  1993,
     139,  -327,  -327,   387,    20,   222,  -327,  -327,    73,  -327,
    2086,   142,   137,  -327,   146,  -327,  -327,  -327,   500,  -327,
    -327,    73,  2086,  2086,   203,   140,   242,  -327,  2086,   244,
     241,    66,    97,   131,   144,  -327,   410,  2086,  -327,   257,
    -327,  -327,   248,  -327,  -327,  -327,  -327,   167,   137,   172,
     177,  -327,  2086,   265,   934,  -327,   276,   286,  -327,   285,
     280,  -327,   199,   284,  -327,    15,   299,    15,  -327,  -327,
    2086,   216,  -327,   302,   303,  -327,   316,  -327,  -327,  -327,
     229,  -327,  -327,  -327,  -327,  -327,   251,  -327,  -327,  -327,
     341,   342,  2086,  -327,  -327,    19,  -327,    19,  -327,  -327,
     260,   594,    19,  -327,    19,  -327,  -327,  -327,  -327,  -327,
      15,  -327
};

/* YYPGOTO[NTERM-NUM].  */
static const yytype_int16 yypgoto[] =
{
    -327,  -327,    -4,   272,   -68,  -327,  -254,  -327,  -327,   -71,
    -327,  -327,  -326,  -327,  -159,  -327,  -327,    29,  -327,  -144,
    -266,  -327,  -327,  -327,  -327,  -327,  -327,    69,  -327,   245,
    -174,  -167,  -327,  -327,   -34,   -17,  -327,  -327,  -327,  -327,
    -327,  -327,  -327,     7,  -327,  -327,  -327,   -12,    78,  -327,
    -327,     0,  -327,   277
};

/* YYTABLE[YYPACT[STATE-NUM]].  What to do in state STATE-NUM.  If
   positive, shift that token.  If negative, reduce the rule which
   number is the opposite.  If zero, do what YYDEFACT says.
   If YYTABLE_NINF, syntax error.  */
#define YYTABLE_NINF -45
static const yytype_int16 yytable[] =
{
      59,   343,   118,    97,   121,     3,   123,   227,    89,    89,
      89,    89,    89,   188,    86,   287,    97,   286,   268,    95,
      97,   112,    97,   143,    97,   119,    96,   122,   110,   124,
     132,   267,   289,   205,   299,   106,   197,   198,   158,   111,
     281,   115,    99,   128,   371,   204,   331,   339,   340,   125,
     327,   290,   130,   206,   273,   133,   134,   135,   136,   137,
     138,   139,   140,   141,   346,   155,   156,   157,   144,   145,
     266,   155,   156,   157,   201,   202,     6,   102,   189,   222,
     317,   225,   155,   156,   157,   351,   360,   215,   155,   156,
     157,   355,   213,   357,   103,   116,     8,     9,    10,    97,
     362,   301,   364,   318,   208,   104,    17,   155,   156,   157,
     219,   221,   370,   129,   306,   131,   226,   221,   228,   229,
     230,   231,   232,   233,   105,   235,   236,   216,   155,   156,
     157,   107,   108,   278,   109,   146,    36,   319,    38,   309,
      40,   254,   158,   255,   252,   253,   186,     8,     9,    10,
     320,   187,   263,   264,   256,   283,   284,    17,   113,   155,
     156,   157,   193,   272,   221,   234,   191,   195,   237,   238,
     239,   240,   241,   242,   243,   244,   245,   246,   247,   248,
     249,   250,   251,   196,    59,   261,   126,    36,   199,    38,
     269,    40,   223,   155,   156,   157,   363,   224,   365,   155,
     156,   157,   279,   368,     6,   369,   155,   156,   157,   155,
     156,   157,     8,     9,    10,   270,   277,   159,   282,   160,
     291,   292,    17,   293,   294,   296,   147,   148,   257,   258,
     155,   156,   157,   149,   157,     6,   300,   259,   297,   312,
     303,     8,     9,    10,   304,   209,   313,    87,   308,   221,
     315,    17,    36,    97,    38,   316,    40,   -45,   302,   164,
     165,   323,   324,   202,   216,   328,   210,   155,   156,   157,
     329,   155,   156,   157,    59,   276,   330,   216,   272,   332,
     333,    36,   361,    38,   311,    40,    91,    92,    93,    94,
     334,   335,   173,   174,   336,   314,   272,   337,   338,   175,
     176,   177,   342,   211,   178,   179,   180,   181,   182,   183,
     184,   185,    -2,     5,   347,     6,   348,   349,   272,     7,
     350,     8,     9,    10,    11,    12,    13,    14,   352,    15,
      16,    17,    18,    19,    20,    21,    22,    23,    24,    25,
     -44,   -44,    26,    27,   155,   156,   157,   -44,    28,   356,
      29,    30,    31,    32,    33,   358,   359,    59,   366,    34,
      35,    36,    37,    38,    39,    40,    41,    42,    43,    44,
      45,   190,    46,   354,   214,   322,     0,    47,     0,     0,
     218,     0,    48,    49,    50,     0,   155,   156,   157,     0,
       0,     0,    51,    52,    53,    54,     0,     0,     0,     0,
      55,    56,   155,   156,   157,     0,     0,     5,     0,     6,
     265,    57,    58,     7,     0,     8,     9,    10,    11,    12,
      13,    14,   275,    15,    16,    17,    18,    19,    20,    21,
      22,    23,    24,    25,   -44,   -44,    26,    27,   280,     0,
       0,   -44,    28,     0,    29,    30,    31,    32,    33,   155,
     156,   157,     0,    34,    35,    36,    37,    38,    39,    40,
      41,    42,    43,    44,    45,     0,    46,     0,     0,     0,
       0,    47,   155,   156,   157,     0,    48,    49,    50,     0,
       0,     0,     0,     0,     0,   298,    51,    52,    53,    54,
       0,     0,     0,     0,    55,    56,     0,     0,     0,     0,
       0,     5,     0,     6,   305,    57,    58,     7,   321,     8,
       9,    10,    11,    12,    13,    14,     0,    15,    16,    17,
      18,    19,    20,    21,    22,    23,    24,    25,   -44,   -44,
      26,    27,     0,     0,     0,   -44,    28,     0,    29,    30,
      31,    32,    33,     0,     0,     0,     0,    34,    35,    36,
      37,    38,    39,    40,    41,    42,    43,    44,    45,     0,
      46,     0,     0,     0,     0,    47,     0,     0,     0,     0,
      48,    49,    50,     0,     0,     0,     0,     0,     0,     0,
      51,    52,    53,    54,     0,     0,     0,     0,    55,    56,
       0,     0,     0,     0,     0,     5,     0,     6,   367,    57,
      58,     7,     0,     8,     9,    10,    11,    12,    13,    14,
       0,    15,    16,    17,    18,    19,    20,    21,    22,    23,
      24,    25,   -44,   -44,    26,    27,     0,     0,     0,   -44,
      28,     0,    29,    30,    31,    32,    33,     0,     0,     0,
       0,    34,    35,    36,    37,    38,    39,    40,    41,    42,
      43,    44,    45,     0,    46,     0,     0,     0,     0,    47,
       0,     0,     0,     0,    48,    49,    50,     0,     0,     0,
       0,     0,     0,     0,    51,    52,    53,    54,     0,     0,
       0,     0,    55,    56,     0,   150,   151,   152,   153,     0,
       0,     6,   154,    57,    58,     7,     0,     8,     9,    10,
      11,    12,     0,    14,     0,    15,    16,    17,    18,    19,
      20,    85,     0,    23,     0,     0,     0,     0,     0,   155,
     156,   157,     0,     0,    28,     0,    29,    30,    31,    32,
      33,     0,     0,     0,     0,    34,    35,    36,    37,    38,
      39,    40,    41,    42,    43,     0,    45,     0,     0,     0,
       0,     0,     0,    47,     0,     0,     0,     0,    48,    49,
      50,     0,     0,     0,     0,     0,     0,     0,    51,    52,
      53,    54,     0,     0,   113,     0,    55,    56,     7,     0,
       8,     9,    10,    11,    12,     0,    14,    57,    15,    16,
      17,    18,    19,    20,    85,     0,    23,     0,     0,     0,
       0,     0,     0,     0,     0,     0,     0,    28,     0,    29,
      30,    31,    32,    33,     0,   159,     0,   160,    34,    35,
      36,    37,    38,    39,    40,    41,    42,    43,     0,    45,
       0,     0,     0,     0,     0,     0,    47,     0,   159,     0,
     160,    48,    49,    50,     0,     0,     0,     0,     0,   161,
       0,    51,    52,    53,    54,   162,   163,   164,   165,    55,
      56,     0,     0,     0,     0,     0,     0,     0,     0,     0,
      57,     0,     0,     0,     0,     0,   159,     0,   160,   166,
     288,   167,     0,     0,     0,   168,   169,   170,   171,   172,
     173,   174,     0,     0,     0,     0,     0,   175,   176,   177,
       0,     0,   178,   179,   180,   181,   182,   183,   184,   185,
     161,     0,     0,     0,   174,     0,   162,   163,   164,   165,
     175,   176,   177,     0,     0,   178,   179,   180,   181,   182,
     183,   184,   185,     0,     0,     0,     0,   159,     0,   160,
     166,     0,   167,     0,     0,     0,   168,   169,   170,   171,
     172,   173,   174,     0,     0,     0,     0,     0,   175,   176,
     177,     0,     0,   178,   179,   180,   181,   182,   183,   184,
     185,   161,     0,     0,     0,     0,     0,   162,   163,   164,
     165,     0,     0,     0,     0,     0,     0,     0,     0,     0,
       0,     0,     0,     0,     0,     0,     0,     0,   159,     0,
     160,     0,     0,   167,     0,     0,     0,   168,   169,   170,
     171,   172,   173,   174,     0,     0,     0,     0,     0,   175,
     176,   177,     0,     0,   178,   179,   180,   181,   182,   183,
     184,   185,   161,     0,     0,     0,     0,     0,   162,   163,
     164,   165,     0,     0,     0,     0,     0,     0,     0,     0,
       0,     0,     0,     0,     0,     0,     0,     0,     0,   159,
       0,   160,     0,     0,     0,     0,     0,     0,   168,   169,
     170,   171,   172,   173,   174,     0,     0,     0,     0,     0,
     175,   176,   177,     0,     0,   178,   179,   180,   181,   182,
     183,   184,   185,   -45,     0,     0,   159,     0,   160,   162,
     163,   164,   165,     0,     0,     0,     0,     0,     0,     0,
       0,     0,     0,     0,     0,     0,     0,     0,   159,     0,
     160,     0,     0,     0,     0,     0,     0,     0,     0,   168,
     169,   170,   171,   172,   173,   174,   162,   163,   164,   165,
       0,   175,   176,   177,     0,     0,   178,   179,   180,   181,
     182,   183,   184,   185,     0,   159,     0,   160,   162,   163,
     164,   165,     0,     0,     0,     0,     0,     0,   170,   171,
     172,   173,   174,     0,     0,   159,     0,   160,   175,   176,
     177,     0,     0,   178,   179,   180,   181,   182,   183,   184,
     185,   171,   172,   173,   174,   162,   163,   164,   165,     0,
     175,   176,   177,     0,     0,   178,   179,   180,   181,   182,
     183,   184,   185,     0,     0,   162,   -45,   164,   165,     0,
       0,     0,     0,     0,     0,     0,     0,     0,     0,   172,
     173,   174,   159,     0,   160,     0,     0,   175,   176,   177,
       0,     0,   178,   179,   180,   181,   182,   183,   184,   185,
     173,   174,   159,     0,   160,     0,     0,   175,   176,   177,
       0,     0,   178,   179,   180,   181,   182,   183,   184,   185,
       0,     0,   162,   163,   164,   165,     0,     0,     0,     0,
       0,     0,     0,     0,     0,     0,     0,   159,     0,   160,
       0,     0,     0,     0,   164,   165,     0,     0,     0,     0,
       0,     0,     0,     0,     0,     0,     0,   173,   174,   159,
       0,   160,     0,     0,   175,   176,   177,     0,     0,   178,
     179,   180,   181,   182,   183,   184,   185,   173,   174,   164,
     165,   159,     0,   160,   175,   176,   177,     0,     0,   178,
     179,   180,   181,   182,   183,   184,   185,   159,     0,   160,
       0,   164,     0,     0,     0,     0,     0,     0,     0,     0,
       0,     0,     0,   174,     0,     0,     0,     0,     0,   175,
     176,   177,     0,     0,   178,   179,   180,   181,   182,   183,
     184,   185,     0,     0,     0,   174,     0,     0,     0,     0,
       0,   175,   176,   177,     0,     0,   178,   179,   180,   181,
     182,   183,   184,   185,     0,     0,     0,     0,     0,     0,
       0,     0,     0,   175,   176,   177,     0,     0,   178,   179,
     180,   181,   182,   183,   184,   185,     0,     0,     0,     0,
     -45,   -45,     0,     0,   178,   179,   180,   181,   182,   183,
     184,   185,     7,     0,     8,     9,    10,    11,    12,     0,
      14,     0,    15,    16,    17,    18,    19,    20,    85,     0,
      23,     0,     0,     0,     0,     0,     0,     0,     0,     0,
       0,    28,     0,    29,    30,    31,    32,    33,     0,     0,
       0,     0,    34,    35,    36,    37,    38,    39,    40,    41,
      42,    43,     0,    45,     0,     0,     0,     0,     0,     0,
      47,     0,     0,     0,     0,    48,    49,    50,     0,     0,
       0,     0,     0,     0,     0,    51,    52,    53,    54,     0,
       0,     0,     0,    55,    56,     0,     0,     0,     0,     0,
       0,     0,     0,   117,    57,     7,     0,     8,     9,    10,
      11,    12,     0,    14,     0,    15,    16,    17,    18,    19,
      20,    85,     0,    23,     0,     0,     0,     0,     0,     0,
       0,     0,     0,     0,    28,     0,    29,    30,    31,    32,
      33,     0,     0,     0,     0,    34,    35,    36,    37,    38,
      39,    40,    41,    42,    43,     0,    45,     0,     0,     0,
       0,     0,     0,    47,     0,     0,     0,     0,    48,    49,
      50,     0,     0,     0,     0,     0,     0,     0,    51,    52,
      53,    54,     0,     0,     0,     0,    55,    56,     0,     0,
       0,     0,     0,     0,     0,     0,   120,    57,     7,     0,
       8,     9,    10,    11,    12,     0,    14,     0,    15,    16,
      17,    18,    19,    20,    85,     0,    23,     0,     0,     0,
       0,     0,     0,     0,     0,     0,     0,    28,     0,    29,
      30,    31,    32,    33,     0,     0,     0,     0,    34,    35,
      36,    37,    38,    39,    40,    41,    42,    43,     0,    45,
       0,     0,     0,     0,     0,     0,    47,     0,     0,     0,
       0,    48,    49,    50,     0,     0,     0,     0,     0,     0,
       0,    51,    52,    53,    54,     0,     0,     0,     0,    55,
      56,     0,     0,     0,     0,     0,     0,     0,     0,   142,
      57,     7,     0,     8,     9,    10,    11,    12,     0,    14,
       0,    15,    16,    17,    18,    19,    20,    85,     0,    23,
       0,     0,     0,     0,     0,     0,     0,     0,     0,     0,
      28,     0,    29,    30,    31,    32,    33,     0,     0,     0,
       0,    34,    35,    36,    37,    38,    39,    40,    41,    42,
      43,     0,    45,     0,     0,     0,     0,     0,     0,    47,
       0,     0,     0,     0,    48,    49,    50,     0,     0,     0,
       0,     0,     0,     0,    51,    52,    53,    54,     0,     0,
       0,     0,    55,    56,     0,     0,     0,     0,     0,     0,
       0,     0,   200,    57,     7,     0,     8,     9,    10,    11,
      12,     0,    14,     0,    15,    16,    17,    18,    19,    20,
      85,     0,    23,     0,     0,     0,     0,     0,     0,     0,
       0,     0,     0,    28,     0,    29,    30,    31,    32,    33,
       0,     0,     0,     0,    34,    35,    36,    37,    38,    39,
      40,    41,    42,    43,     0,    45,     0,     0,     0,     0,
       0,     0,    47,     0,     0,     0,     0,    48,    49,    50,
       0,     0,     0,     0,     0,     0,     0,    51,    52,    53,
      54,     0,     0,     0,     0,    55,    56,     0,     0,     0,
       0,     0,     0,     0,     0,   212,    57,     7,     0,     8,
       9,    10,    11,    12,     0,    14,     0,    15,    16,    17,
      18,    19,    20,    85,     0,    23,     0,     0,     0,     0,
       0,     0,     0,     0,     0,     0,    28,     0,    29,    30,
      31,    32,    33,     0,     0,     0,     0,    34,    35,    36,
      37,    38,    39,    40,    41,    42,    43,     0,    45,     0,
       0,     0,     0,     0,     0,    47,     0,     0,     0,     0,
      48,    49,    50,     0,     0,     0,     0,     0,     0,     0,
      51,    52,    53,    54,     0,     0,     0,     0,    55,    56,
       0,     0,     0,     0,     0,     0,     0,     0,   262,    57,
       7,     0,     8,     9,    10,    11,    12,     0,    14,     0,
      15,    16,    17,    18,    19,    20,    85,     0,    23,     0,
       0,     0,     0,     0,     0,     0,     0,     0,     0,    28,
       0,    29,    30,    31,    32,    33,     0,     0,     0,     0,
      34,    35,    36,    37,    38,    39,    40,    41,    42,    43,
       0,    45,     0,     0,     0,     0,     0,     0,    47,     0,
       0,     0,     0,    48,    49,    50,     0,     0,     0,     0,
       0,     0,     0,    51,    52,    53,    54,     0,     0,     0,
       0,    55,    56,     0,     0,     0,     0,     0,     0,     0,
       0,   295,    57,     7,     0,     8,     9,    10,    11,    12,
       0,    14,     0,    15,    16,    17,    18,    19,    20,    85,
       0,    23,     0,     0,     0,     0,     0,     0,     0,     0,
       0,     0,    28,     0,    29,    30,    31,    32,    33,     0,
       0,     0,     0,    34,    35,    36,    37,    38,    39,    40,
      41,    42,    43,     0,    45,     0,     0,     0,     0,     0,
       0,    47,     0,     0,     0,     0,    48,    49,    50,     0,
       0,     0,     0,     0,     0,     0,    51,    52,    53,    54,
       0,     0,     0,     0,    55,    56,     0,     0,     0,     0,
       0,     0,     0,     0,     0,    57
};

static const yytype_int16 yycheck[] =
{
       4,   327,    36,    20,    38,     0,    40,   151,     8,     9,
      10,    11,    12,    84,     7,     6,    33,    14,   192,    99,
      37,    33,    39,    57,    41,    37,    19,    39,    32,    41,
      47,   190,     6,    14,    14,    28,   104,   105,    66,    32,
     214,    34,    47,    43,   370,   113,   312,    32,    33,    42,
     304,     6,    45,    34,   198,    48,    49,    50,    51,    52,
      53,    54,    55,    56,   330,    62,    63,    64,    28,    29,
      98,    62,    63,    64,   108,   109,     3,    15,    95,   147,
      14,   149,    62,    63,    64,   339,   352,    14,    62,    63,
      64,   345,   126,   347,    25,    15,     9,    10,    11,   116,
     354,   268,   356,     6,   116,    99,    19,    62,    63,    64,
     144,   145,   366,    44,   281,    46,   150,   151,   152,   153,
     154,   155,   156,   157,    99,   159,   160,   131,    62,    63,
      64,    99,    99,   204,    99,    14,    49,     6,    51,   283,
      53,     3,    66,     5,   178,   179,    99,     9,    10,    11,
       6,     3,   186,   187,    16,   223,   224,    19,     3,    62,
      63,    64,    17,   197,   198,   158,    15,    14,   161,   162,
     163,   164,   165,   166,   167,   168,   169,   170,   171,   172,
     173,   174,   175,    17,   188,   185,    99,    49,    98,    51,
     194,    53,    99,    62,    63,    64,   355,    56,   357,    62,
      63,    64,   206,   362,     3,   364,    62,    63,    64,    62,
      63,    64,     9,    10,    11,    15,    98,     3,    99,     5,
     254,   255,    19,   257,   258,   259,    28,    29,    90,    91,
      62,    63,    64,    35,    64,     3,    14,    99,    99,    99,
      98,     9,    10,    11,    98,    98,     4,    15,   282,   283,
       6,    19,    49,   270,    51,    14,    53,    43,   270,    45,
      46,     4,    14,   297,   268,    98,    98,    62,    63,    64,
      98,    62,    63,    64,   278,    66,    99,   281,   312,    14,
       4,    49,   353,    51,   284,    53,     9,    10,    11,    12,
       4,     6,    78,    79,    14,   288,   330,    98,    14,    85,
      86,    87,     3,    98,    90,    91,    92,    93,    94,    95,
      96,    97,     0,     1,    98,     3,    14,    14,   352,     7,
       4,     9,    10,    11,    12,    13,    14,    15,    99,    17,
      18,    19,    20,    21,    22,    23,    24,    25,    26,    27,
      28,    29,    30,    31,    62,    63,    64,    35,    36,    98,
      38,    39,    40,    41,    42,    14,    14,   361,    98,    47,
      48,    49,    50,    51,    52,    53,    54,    55,    56,    57,
      58,    99,    60,   344,   129,   297,    -1,    65,    -1,    -1,
      98,    -1,    70,    71,    72,    -1,    62,    63,    64,    -1,
      -1,    -1,    80,    81,    82,    83,    -1,    -1,    -1,    -1,
      88,    89,    62,    63,    64,    -1,    -1,     1,    -1,     3,
       4,    99,   100,     7,    -1,     9,    10,    11,    12,    13,
      14,    15,    98,    17,    18,    19,    20,    21,    22,    23,
      24,    25,    26,    27,    28,    29,    30,    31,    98,    -1,
      -1,    35,    36,    -1,    38,    39,    40,    41,    42,    62,
      63,    64,    -1,    47,    48,    49,    50,    51,    52,    53,
      54,    55,    56,    57,    58,    -1,    60,    -1,    -1,    -1,
      -1,    65,    62,    63,    64,    -1,    70,    71,    72,    -1,
      -1,    -1,    -1,    -1,    -1,    98,    80,    81,    82,    83,
      -1,    -1,    -1,    -1,    88,    89,    -1,    -1,    -1,    -1,
      -1,     1,    -1,     3,     4,    99,   100,     7,    98,     9,
      10,    11,    12,    13,    14,    15,    -1,    17,    18,    19,
      20,    21,    22,    23,    24,    25,    26,    27,    28,    29,
      30,    31,    -1,    -1,    -1,    35,    36,    -1,    38,    39,
      40,    41,    42,    -1,    -1,    -1,    -1,    47,    48,    49,
      50,    51,    52,    53,    54,    55,    56,    57,    58,    -1,
      60,    -1,    -1,    -1,    -1,    65,    -1,    -1,    -1,    -1,
      70,    71,    72,    -1,    -1,    -1,    -1,    -1,    -1,    -1,
      80,    81,    82,    83,    -1,    -1,    -1,    -1,    88,    89,
      -1,    -1,    -1,    -1,    -1,     1,    -1,     3,     4,    99,
     100,     7,    -1,     9,    10,    11,    12,    13,    14,    15,
      -1,    17,    18,    19,    20,    21,    22,    23,    24,    25,
      26,    27,    28,    29,    30,    31,    -1,    -1,    -1,    35,
      36,    -1,    38,    39,    40,    41,    42,    -1,    -1,    -1,
      -1,    47,    48,    49,    50,    51,    52,    53,    54,    55,
      56,    57,    58,    -1,    60,    -1,    -1,    -1,    -1,    65,
      -1,    -1,    -1,    -1,    70,    71,    72,    -1,    -1,    -1,
      -1,    -1,    -1,    -1,    80,    81,    82,    83,    -1,    -1,
      -1,    -1,    88,    89,    -1,    28,    29,    30,    31,    -1,
      -1,     3,    35,    99,   100,     7,    -1,     9,    10,    11,
      12,    13,    -1,    15,    -1,    17,    18,    19,    20,    21,
      22,    23,    -1,    25,    -1,    -1,    -1,    -1,    -1,    62,
      63,    64,    -1,    -1,    36,    -1,    38,    39,    40,    41,
      42,    -1,    -1,    -1,    -1,    47,    48,    49,    50,    51,
      52,    53,    54,    55,    56,    -1,    58,    -1,    -1,    -1,
      -1,    -1,    -1,    65,    -1,    -1,    -1,    -1,    70,    71,
      72,    -1,    -1,    -1,    -1,    -1,    -1,    -1,    80,    81,
      82,    83,    -1,    -1,     3,    -1,    88,    89,     7,    -1,
       9,    10,    11,    12,    13,    -1,    15,    99,    17,    18,
      19,    20,    21,    22,    23,    -1,    25,    -1,    -1,    -1,
      -1,    -1,    -1,    -1,    -1,    -1,    -1,    36,    -1,    38,
      39,    40,    41,    42,    -1,     3,    -1,     5,    47,    48,
      49,    50,    51,    52,    53,    54,    55,    56,    -1,    58,
      -1,    -1,    -1,    -1,    -1,    -1,    65,    -1,     3,    -1,
       5,    70,    71,    72,    -1,    -1,    -1,    -1,    -1,    37,
      -1,    80,    81,    82,    83,    43,    44,    45,    46,    88,
      89,    -1,    -1,    -1,    -1,    -1,    -1,    -1,    -1,    -1,
      99,    -1,    -1,    -1,    -1,    -1,     3,    -1,     5,    67,
      68,    69,    -1,    -1,    -1,    73,    74,    75,    76,    77,
      78,    79,    -1,    -1,    -1,    -1,    -1,    85,    86,    87,
      -1,    -1,    90,    91,    92,    93,    94,    95,    96,    97,
      37,    -1,    -1,    -1,    79,    -1,    43,    44,    45,    46,
      85,    86,    87,    -1,    -1,    90,    91,    92,    93,    94,
      95,    96,    97,    -1,    -1,    -1,    -1,     3,    -1,     5,
      67,    -1,    69,    -1,    -1,    -1,    73,    74,    75,    76,
      77,    78,    79,    -1,    -1,    -1,    -1,    -1,    85,    86,
      87,    -1,    -1,    90,    91,    92,    93,    94,    95,    96,
      97,    37,    -1,    -1,    -1,    -1,    -1,    43,    44,    45,
      46,    -1,    -1,    -1,    -1,    -1,    -1,    -1,    -1,    -1,
      -1,    -1,    -1,    -1,    -1,    -1,    -1,    -1,     3,    -1,
       5,    -1,    -1,    69,    -1,    -1,    -1,    73,    74,    75,
      76,    77,    78,    79,    -1,    -1,    -1,    -1,    -1,    85,
      86,    87,    -1,    -1,    90,    91,    92,    93,    94,    95,
      96,    97,    37,    -1,    -1,    -1,    -1,    -1,    43,    44,
      45,    46,    -1,    -1,    -1,    -1,    -1,    -1,    -1,    -1,
      -1,    -1,    -1,    -1,    -1,    -1,    -1,    -1,    -1,     3,
      -1,     5,    -1,    -1,    -1,    -1,    -1,    -1,    73,    74,
      75,    76,    77,    78,    79,    -1,    -1,    -1,    -1,    -1,
      85,    86,    87,    -1,    -1,    90,    91,    92,    93,    94,
      95,    96,    97,    37,    -1,    -1,     3,    -1,     5,    43,
      44,    45,    46,    -1,    -1,    -1,    -1,    -1,    -1,    -1,
      -1,    -1,    -1,    -1,    -1,    -1,    -1,    -1,     3,    -1,
       5,    -1,    -1,    -1,    -1,    -1,    -1,    -1,    -1,    73,
      74,    75,    76,    77,    78,    79,    43,    44,    45,    46,
      -1,    85,    86,    87,    -1,    -1,    90,    91,    92,    93,
      94,    95,    96,    97,    -1,     3,    -1,     5,    43,    44,
      45,    46,    -1,    -1,    -1,    -1,    -1,    -1,    75,    76,
      77,    78,    79,    -1,    -1,     3,    -1,     5,    85,    86,
      87,    -1,    -1,    90,    91,    92,    93,    94,    95,    96,
      97,    76,    77,    78,    79,    43,    44,    45,    46,    -1,
      85,    86,    87,    -1,    -1,    90,    91,    92,    93,    94,
      95,    96,    97,    -1,    -1,    43,    44,    45,    46,    -1,
      -1,    -1,    -1,    -1,    -1,    -1,    -1,    -1,    -1,    77,
      78,    79,     3,    -1,     5,    -1,    -1,    85,    86,    87,
      -1,    -1,    90,    91,    92,    93,    94,    95,    96,    97,
      78,    79,     3,    -1,     5,    -1,    -1,    85,    86,    87,
      -1,    -1,    90,    91,    92,    93,    94,    95,    96,    97,
      -1,    -1,    43,    44,    45,    46,    -1,    -1,    -1,    -1,
      -1,    -1,    -1,    -1,    -1,    -1,    -1,     3,    -1,     5,
      -1,    -1,    -1,    -1,    45,    46,    -1,    -1,    -1,    -1,
      -1,    -1,    -1,    -1,    -1,    -1,    -1,    78,    79,     3,
      -1,     5,    -1,    -1,    85,    86,    87,    -1,    -1,    90,
      91,    92,    93,    94,    95,    96,    97,    78,    79,    45,
      46,     3,    -1,     5,    85,    86,    87,    -1,    -1,    90,
      91,    92,    93,    94,    95,    96,    97,     3,    -1,     5,
      -1,    45,    -1,    -1,    -1,    -1,    -1,    -1,    -1,    -1,
      -1,    -1,    -1,    79,    -1,    -1,    -1,    -1,    -1,    85,
      86,    87,    -1,    -1,    90,    91,    92,    93,    94,    95,
      96,    97,    -1,    -1,    -1,    79,    -1,    -1,    -1,    -1,
      -1,    85,    86,    87,    -1,    -1,    90,    91,    92,    93,
      94,    95,    96,    97,    -1,    -1,    -1,    -1,    -1,    -1,
      -1,    -1,    -1,    85,    86,    87,    -1,    -1,    90,    91,
      92,    93,    94,    95,    96,    97,    -1,    -1,    -1,    -1,
      86,    87,    -1,    -1,    90,    91,    92,    93,    94,    95,
      96,    97,     7,    -1,     9,    10,    11,    12,    13,    -1,
      15,    -1,    17,    18,    19,    20,    21,    22,    23,    -1,
      25,    -1,    -1,    -1,    -1,    -1,    -1,    -1,    -1,    -1,
      -1,    36,    -1,    38,    39,    40,    41,    42,    -1,    -1,
      -1,    -1,    47,    48,    49,    50,    51,    52,    53,    54,
      55,    56,    -1,    58,    -1,    -1,    -1,    -1,    -1,    -1,
      65,    -1,    -1,    -1,    -1,    70,    71,    72,    -1,    -1,
      -1,    -1,    -1,    -1,    -1,    80,    81,    82,    83,    -1,
      -1,    -1,    -1,    88,    89,    -1,    -1,    -1,    -1,    -1,
      -1,    -1,    -1,    98,    99,     7,    -1,     9,    10,    11,
      12,    13,    -1,    15,    -1,    17,    18,    19,    20,    21,
      22,    23,    -1,    25,    -1,    -1,    -1,    -1,    -1,    -1,
      -1,    -1,    -1,    -1,    36,    -1,    38,    39,    40,    41,
      42,    -1,    -1,    -1,    -1,    47,    48,    49,    50,    51,
      52,    53,    54,    55,    56,    -1,    58,    -1,    -1,    -1,
      -1,    -1,    -1,    65,    -1,    -1,    -1,    -1,    70,    71,
      72,    -1,    -1,    -1,    -1,    -1,    -1,    -1,    80,    81,
      82,    83,    -1,    -1,    -1,    -1,    88,    89,    -1,    -1,
      -1,    -1,    -1,    -1,    -1,    -1,    98,    99,     7,    -1,
       9,    10,    11,    12,    13,    -1,    15,    -1,    17,    18,
      19,    20,    21,    22,    23,    -1,    25,    -1,    -1,    -1,
      -1,    -1,    -1,    -1,    -1,    -1,    -1,    36,    -1,    38,
      39,    40,    41,    42,    -1,    -1,    -1,    -1,    47,    48,
      49,    50,    51,    52,    53,    54,    55,    56,    -1,    58,
      -1,    -1,    -1,    -1,    -1,    -1,    65,    -1,    -1,    -1,
      -1,    70,    71,    72,    -1,    -1,    -1,    -1,    -1,    -1,
      -1,    80,    81,    82,    83,    -1,    -1,    -1,    -1,    88,
      89,    -1,    -1,    -1,    -1,    -1,    -1,    -1,    -1,    98,
      99,     7,    -1,     9,    10,    11,    12,    13,    -1,    15,
      -1,    17,    18,    19,    20,    21,    22,    23,    -1,    25,
      -1,    -1,    -1,    -1,    -1,    -1,    -1,    -1,    -1,    -1,
      36,    -1,    38,    39,    40,    41,    42,    -1,    -1,    -1,
      -1,    47,    48,    49,    50,    51,    52,    53,    54,    55,
      56,    -1,    58,    -1,    -1,    -1,    -1,    -1,    -1,    65,
      -1,    -1,    -1,    -1,    70,    71,    72,    -1,    -1,    -1,
      -1,    -1,    -1,    -1,    80,    81,    82,    83,    -1,    -1,
      -1,    -1,    88,    89,    -1,    -1,    -1,    -1,    -1,    -1,
      -1,    -1,    98,    99,     7,    -1,     9,    10,    11,    12,
      13,    -1,    15,    -1,    17,    18,    19,    20,    21,    22,
      23,    -1,    25,    -1,    -1,    -1,    -1,    -1,    -1,    -1,
      -1,    -1,    -1,    36,    -1,    38,    39,    40,    41,    42,
      -1,    -1,    -1,    -1,    47,    48,    49,    50,    51,    52,
      53,    54,    55,    56,    -1,    58,    -1,    -1,    -1,    -1,
      -1,    -1,    65,    -1,    -1,    -1,    -1,    70,    71,    72,
      -1,    -1,    -1,    -1,    -1,    -1,    -1,    80,    81,    82,
      83,    -1,    -1,    -1,    -1,    88,    89,    -1,    -1,    -1,
      -1,    -1,    -1,    -1,    -1,    98,    99,     7,    -1,     9,
      10,    11,    12,    13,    -1,    15,    -1,    17,    18,    19,
      20,    21,    22,    23,    -1,    25,    -1,    -1,    -1,    -1,
      -1,    -1,    -1,    -1,    -1,    -1,    36,    -1,    38,    39,
      40,    41,    42,    -1,    -1,    -1,    -1,    47,    48,    49,
      50,    51,    52,    53,    54,    55,    56,    -1,    58,    -1,
      -1,    -1,    -1,    -1,    -1,    65,    -1,    -1,    -1,    -1,
      70,    71,    72,    -1,    -1,    -1,    -1,    -1,    -1,    -1,
      80,    81,    82,    83,    -1,    -1,    -1,    -1,    88,    89,
      -1,    -1,    -1,    -1,    -1,    -1,    -1,    -1,    98,    99,
       7,    -1,     9,    10,    11,    12,    13,    -1,    15,    -1,
      17,    18,    19,    20,    21,    22,    23,    -1,    25,    -1,
      -1,    -1,    -1,    -1,    -1,    -1,    -1,    -1,    -1,    36,
      -1,    38,    39,    40,    41,    42,    -1,    -1,    -1,    -1,
      47,    48,    49,    50,    51,    52,    53,    54,    55,    56,
      -1,    58,    -1,    -1,    -1,    -1,    -1,    -1,    65,    -1,
      -1,    -1,    -1,    70,    71,    72,    -1,    -1,    -1,    -1,
      -1,    -1,    -1,    80,    81,    82,    83,    -1,    -1,    -1,
      -1,    88,    89,    -1,    -1,    -1,    -1,    -1,    -1,    -1,
      -1,    98,    99,     7,    -1,     9,    10,    11,    12,    13,
      -1,    15,    -1,    17,    18,    19,    20,    21,    22,    23,
      -1,    25,    -1,    -1,    -1,    -1,    -1,    -1,    -1,    -1,
      -1,    -1,    36,    -1,    38,    39,    40,    41,    42,    -1,
      -1,    -1,    -1,    47,    48,    49,    50,    51,    52,    53,
      54,    55,    56,    -1,    58,    -1,    -1,    -1,    -1,    -1,
      -1,    65,    -1,    -1,    -1,    -1,    70,    71,    72,    -1,
      -1,    -1,    -1,    -1,    -1,    -1,    80,    81,    82,    83,
      -1,    -1,    -1,    -1,    88,    89,    -1,    -1,    -1,    -1,
      -1,    -1,    -1,    -1,    -1,    99
};

/* YYSTOS[STATE-NUM] -- The (internal number of the) accessing
   symbol of state STATE-NUM.  */
static const yytype_uint8 yystos[] =
{
       0,   102,   106,     0,   110,     1,     3,     7,     9,    10,
      11,    12,    13,    14,    15,    17,    18,    19,    20,    21,
      22,    23,    24,    25,    26,    27,    30,    31,    36,    38,
      39,    40,    41,    42,    47,    48,    49,    50,    51,    52,
      53,    54,    55,    56,    57,    58,    60,    65,    70,    71,
      72,    80,    81,    82,    83,    88,    89,    99,   100,   103,
     111,   112,   114,   116,   123,   124,   125,   126,   127,   133,
     134,   135,   136,   137,   139,   140,   141,   142,   143,   144,
     145,   151,   152,   153,   105,    23,   144,    15,   103,   152,
     154,   154,   154,   154,   154,    99,   144,   136,   148,    47,
     128,   129,    15,   128,    99,    99,   144,    99,    99,    99,
     103,   144,   148,     3,   104,   144,    15,    98,   135,   148,
      98,   135,   148,   135,   148,   144,    99,   146,   152,   128,
     144,   128,   136,   144,   144,   144,   144,   144,   144,   144,
     144,   144,    98,   135,    28,    29,    14,    28,    29,    35,
      28,    29,    30,    31,    35,    62,    63,    64,    66,     3,
       5,    37,    43,    44,    45,    46,    67,    69,    73,    74,
      75,    76,    77,    78,    79,    85,    86,    87,    90,    91,
      92,    93,    94,    95,    96,    97,    99,     3,   110,   136,
     104,    15,   130,    17,   131,    14,    17,   105,   105,    98,
      98,   135,   135,   149,   105,    14,    34,   115,   148,    98,
      98,    98,    98,   135,   130,    14,   103,   132,    98,   135,
     120,   135,   105,    99,    56,   105,   135,   120,   135,   135,
     135,   135,   135,   135,   144,   135,   135,   144,   144,   144,
     144,   144,   144,   144,   144,   144,   144,   144,   144,   144,
     144,   144,   135,   135,     3,     5,    16,    90,    91,    99,
     138,   152,    98,   135,   135,     4,    98,   115,   131,   103,
      15,   121,   135,   120,   122,    98,    66,    98,   110,   103,
      98,   131,    99,   105,   105,   147,    14,     6,    68,     6,
       6,   135,   135,   135,   135,    98,   135,    99,    98,    14,
      14,   132,   148,    98,    98,     4,   132,   119,   135,   120,
     150,   152,    99,     4,   144,     6,    14,    14,     6,     6,
       6,    98,   149,     4,    14,   107,   108,   107,    98,    98,
      99,   121,    14,     4,     4,     6,    14,    98,    14,    32,
      33,   113,     3,   113,   117,   118,   121,    98,    14,    14,
       4,   107,    99,   109,   118,   107,    98,   107,    14,    14,
     121,   110,   107,   115,   107,   115,    98,     4,   115,   115,
     107,   113
};

typedef enum {
	toketype_i_tkval, toketype_ionlyval, toketype_opval, toketype_p_tkval, toketype_pval
} toketypes;

/* type of each token/terminal */
static const toketypes yy_type_tab[] =
{
  toketype_pval, toketype_pval, toketype_pval, toketype_i_tkval, toketype_i_tkval, toketype_i_tkval, toketype_i_tkval, toketype_i_tkval, toketype_i_tkval,
  toketype_i_tkval, toketype_i_tkval, toketype_i_tkval, toketype_i_tkval, toketype_i_tkval, toketype_i_tkval, toketype_opval, toketype_opval, toketype_opval,
  toketype_opval, toketype_opval, toketype_opval, toketype_opval, toketype_opval, toketype_p_tkval,
  toketype_i_tkval, toketype_i_tkval, toketype_i_tkval, toketype_i_tkval, toketype_i_tkval, toketype_i_tkval, toketype_i_tkval, toketype_i_tkval,
  toketype_i_tkval, toketype_i_tkval, toketype_i_tkval, toketype_i_tkval, toketype_i_tkval, toketype_i_tkval, toketype_i_tkval, toketype_i_tkval,
  toketype_i_tkval, toketype_i_tkval, toketype_i_tkval, toketype_i_tkval, toketype_i_tkval, toketype_i_tkval, toketype_i_tkval, toketype_i_tkval,
  toketype_i_tkval, toketype_i_tkval, toketype_i_tkval, toketype_i_tkval, toketype_i_tkval, toketype_i_tkval,
  toketype_i_tkval, toketype_i_tkval, toketype_i_tkval, toketype_i_tkval, toketype_i_tkval, toketype_i_tkval,
  toketype_i_tkval, toketype_pval, toketype_pval, toketype_pval, toketype_pval, toketype_pval, toketype_pval,
  toketype_pval, toketype_pval, toketype_pval, toketype_pval, toketype_pval,
  toketype_pval, toketype_pval, toketype_pval, toketype_pval, toketype_pval, toketype_pval,
  toketype_pval, toketype_pval, toketype_pval, toketype_pval, toketype_pval, toketype_pval, toketype_pval, toketype_pval,
  toketype_pval, toketype_pval, toketype_pval, toketype_pval, toketype_pval, toketype_pval, toketype_pval,
  toketype_pval, toketype_pval, toketype_pval, toketype_pval, toketype_pval, toketype_pval, toketype_pval,
  toketype_i_tkval, toketype_pval, toketype_ionlyval, toketype_opval, toketype_opval, toketype_ionlyval, toketype_ionlyval,
  toketype_opval, toketype_pval, toketype_ionlyval, toketype_opval, toketype_opval, toketype_opval, toketype_opval, toketype_opval,
  toketype_opval, toketype_opval, toketype_pval, toketype_ionlyval, toketype_opval, toketype_opval, toketype_opval, toketype_opval,
  toketype_p_tkval, toketype_opval, toketype_opval, toketype_opval, toketype_opval, toketype_ionlyval,
  toketype_ionlyval, toketype_opval, toketype_opval, toketype_opval, toketype_opval, toketype_opval, toketype_opval,
  toketype_opval, toketype_opval, toketype_opval, toketype_opval, toketype_opval, toketype_opval,
  toketype_opval, toketype_opval, toketype_opval, toketype_opval, toketype_opval, toketype_opval,
  toketype_opval, toketype_opval, toketype_opval, toketype_opval, toketype_opval, toketype_opval,
  toketype_opval
};
